이렇게 저렇게 해보세요.:0,이 케이스를 입력해보세요.:0,초기화는 잘 하셨나요?:0
이렇게 저렇게 해보세요.:0,이 케이스를 입력해보세요.:0,초기화는 잘 하셨나요?:0
이 케이스를 입력해보세요.:2,이렇게 저렇게 해보세요.:1,초기화는 잘 하셨나요?:0
초기화는 잘 하셨나요?:1,이렇게 저렇게 해보세요.:0,이 케이스를 입력해보세요.:0
이렇게 저렇게 해보세요.:0,이 케이스를 입력해보세요.:0,초기화는 잘 하셨나요?:0
초기화는 잘 하셨나요?:1,이렇게 저렇게 해보세요.:0,이 케이스를 입력해보세요.:0
이 케이스를 입력해보세요.:1,이렇게 저렇게 해보세요.:0,초기화는 잘 하셨나요?:0
이 케이스를 입력해보세요.:3,이렇게 저렇게 해보세요.:1,초기화는 잘 하셨나요?:0
이렇게 저렇게 해보세요.:0,이 케이스를 입력해보세요.:0,초기화는 잘 하셨나요?:0
이렇게 저렇게 해보세요.:0,이 케이스를 입력해보세요.:0,초기화는 잘 하셨나요?:0
이렇게 저렇게 해보세요.:0,이 케이스를 입력해보세요.:0,초기화는 잘 하셨나요?:0
이 케이스를 입력해보세요.:1,이렇게 저렇게 해보세요.:0,초기화는 잘 하셨나요?:0
이렇게 저렇게 해보세요.:0,이 케이스를 입력해보세요.:0,초기화는 잘 하셨나요?:0
이렇게 저렇게 해보세요.:0,이 케이스를 입력해보세요.:0,초기화는 잘 하셨나요?:0
이렇게 저렇게 해보세요.:0,이 케이스를 입력해보세요.:0,초기화는 잘 하셨나요?:0
이렇게 저렇게 해보세요.:0,이 케이스를 입력해보세요.:0,초기화는 잘 하셨나요?:0
초기화는 잘 하셨나요?:1,이렇게 저렇게 해보세요.:0,이 케이스를 입력해보세요.:0
이 케이스를 입력해보세요.:1,이렇게 저렇게 해보세요.:1,초기화는 잘 하셨나요?:0
이렇게 저렇게 해보세요.:0,이 케이스를 입력해보세요.:0,초기화는 잘 하셨나요?:0
이렇게 저렇게 해보세요.:0,이 케이스를 입력해보세요.:0,초기화는 잘 하셨나요?:0
이렇게 저렇게 해보세요.:0,이 케이스를 입력해보세요.:0,초기화는 잘 하셨나요?:0
이렇게 저렇게 해보세요.:0,이 케이스를 입력해보세요.:0,초기화는 잘 하셨나요?:0
이렇게 저렇게 해보세요.:0,이 케이스를 입력해보세요.:0,초기화는 잘 하셨나요?:0
이렇게 저렇게 해보세요.:0,이 케이스를 입력해보세요.:0,초기화는 잘 하셨나요?:0
이렇게 저렇게 해보세요.:0,이 케이스를 입력해보세요.:0,초기화는 잘 하셨나요?:0
이렇게 저렇게 해보세요.:0,이 케이스를 입력해보세요.:0,초기화는 잘 하셨나요?:0
이렇게 저렇게 해보세요.:0,이 케이스를 입력해보세요.:0,초기화는 잘 하셨나요?:0
이렇게 저렇게 해보세요.:0,이 케이스를 입력해보세요.:0,초기화는 잘 하셨나요?:0
이렇게 저렇게 해보세요.:0,이 케이스를 입력해보세요.:0,초기화는 잘 하셨나요?:0
이 케이스를 입력해보세요.:1,이렇게 저렇게 해보세요.:0,초기화는 잘 하셨나요?:0,잘 좀 하자 우리:0
